20
0 77 89 88 50 51 88 63 66 99 70 52 57 71 80 70 67 81 71 86 
77 0 51 71 64 69 61 99 67 86 82 53 99 82 97 80 53 94 63 90 
89 51 0 88 66 72 82 82 57 95 65 98 84 95 82 99 91 97 96 72 
88 71 88 0 84 53 80 72 93 67 52 79 54 82 57 53 66 86 72 72 
50 64 66 84 0 81 95 89 58 70 63 69 66 53 97 52 87 98 76 59 
51 69 72 53 81 0 68 91 59 96 60 67 54 76 80 81 50 80 66 90 
88 61 82 80 95 68 0 75 83 87 71 87 53 96 64 50 63 89 89 93 
63 99 82 72 89 91 75 0 79 92 78 62 55 60 96 86 70 86 87 78 
66 67 57 93 58 59 83 79 0 51 62 75 98 78 66 86 67 69 52 68 
99 86 95 67 70 96 87 92 51 0 55 98 56 99 71 78 59 67 77 98 
70 82 65 52 63 60 71 78 62 55 0 98 77 60 64 84 86 70 63 59 
52 53 98 79 69 67 87 62 75 98 98 0 82 58 72 98 88 67 63 66 
57 99 84 54 66 54 53 55 98 56 77 82 0 68 74 59 75 76 91 57 
71 82 95 82 53 76 96 60 78 99 60 58 68 0 72 83 59 53 60 80 
80 97 82 57 97 80 64 96 66 71 64 72 74 72 0 61 62 78 95 79 
70 80 99 53 52 81 50 86 86 78 84 98 59 83 61 0 97 95 87 55 
67 53 91 66 87 50 63 70 67 59 86 88 75 59 62 97 0 58 59 54 
81 94 97 86 98 80 89 86 69 67 70 67 76 53 78 95 58 0 81 58 
71 63 96 72 76 66 89 87 52 77 63 63 91 60 95 87 59 81 0 71 
86 90 72 72 59 90 93 78 68 98 59 66 57 80 79 55 54 58 71 0 
