0  85 50 98 80 50 85 86 94 67 95 53 83 58 62 89 66 52 66 91 
85 0  84 64 92 73 50 89 80 60 75 99 87 68 80 88 89 93 90 58 
50 84 0  90 72 56 78 64 92 88 95 72 68 84 62 62 82 86 83 69 
98 64 90 0  69 54 86 52 80 91 74 96 74 77 99 61 96 65 99 60 
80 92 72 69 0  79 74 88 82 82 63 95 80 94 99 96 53 91 88 58 
50 73 56 54 79 0  97 84 77 89 69 54 52 86 70 83 83 69 58 69 
85 50 78 86 74 97 0  90 80 66 73 90 65 88 84 95 96 62 69 95 
86 89 64 52 88 84 90 0  96 90 51 77 97 83 86 75 75 67 72 71 
94 80 92 80 82 77 80 96 0  95 60 87 94 91 90 79 67 98 75 94 
67 60 88 91 82 89 66 90 95 0  87 67 60 89 60 83 84 98 97 84 
95 75 95 74 63 69 73 51 60 87 0  58 94 57 69 65 65 84 78 53 
53 99 72 96 95 54 90 77 87 67 58 0  69 89 95 62 78 62 88 88 
83 87 68 74 80 52 65 97 94 60 94 69 0  84 75 77 53 75 54 66 
58 68 84 77 94 86 88 83 91 89 57 89 84 0  68 54 62 89 51 72 
62 80 62 99 99 70 84 86 90 60 69 95 75 68 0  70 55 82 92 80 
89 88 62 61 96 83 95 75 79 83 65 62 77 54 70 0  71 93 50 99 
66 89 82 96 53 83 96 75 67 84 65 78 53 62 55 71 0  80 87 71 
52 93 86 65 91 69 62 67 98 98 84 62 75 89 82 93 80 0  57 68 
66 90 83 99 88 58 69 72 75 97 78 88 54 51 92 50 87 57 0  59 
91 58 69 60 58 69 95 71 94 84 53 88 66 72 80 99 71 68 59 0  
Minimum cost : 1128
Path Taken : 0 11 5 2 14 9 12 18 13 15 3 7 10 8 16 4 19 1 6 17 0 
Time spent: 6.002321
